$SourceID = 4; dataset:livejournal (vSize = 4,847,571, eSize = 68,475,391).
#################################################
numWorker	4	8	12	16	20	24   28 32
#################################################
time-GRAPE(4f/w)  16.4 9.4   6.8   5.5  4.2   3.9   3.5 3.5
comm-GRAPE(4f/w)  8987157 14698272   17184323   20869197   22290605   23268393   25072457	24866035
rnd-GRAPE(4f/w)  10  11   10   11   11   11   11 11
#################################################
time-GraphLab  13.2   11.4   9.8   8.6   8.3   7.6   7.5	6.9
comm-GraphLab   138891772   138891772   138891772   138891772   138891772   138891772   138891772
rnd-GraphLab	18   18   18   18   18   18   18	18
#################################################
time-Giraph	25.0   12.5   10.0   9.2   9.0   8.6   -
comm-Giraph	138891772   138891772   138891772   138891772   138891772   138891772   -
rnd-Giraph  17   17   17   17   17   17   -
#################################################
time-Blogel 17.53s   10.3s   7.2s   6.1s   4.5   3.7   3.4	3.2
comm-Blogel	36715950   51499972   60594553   66477134   68143125   72904030   78072757	80306776
rnd-Blogel  15   13   13   14   13   15   13	14
